camera_matrix:
- - 683.8867551419356
  - 0.0
  - 335.18318991465344
- - 0.0
  - 683.5637399411528
  - 247.35846064470329
- - 0.0
  - 0.0
  - 1.0
dist_coeffs:
- - 0.18721752375859457
  - 0.7343056910068128
  - 0.0015753798986333138
  - 0.01460212024214593
  - -4.504747572406893
rvecs:
- - - 0.1973488663223402
  - - -0.8656255617069915
  - - 0.37677340654002656
- - - -0.14474499527553403
  - - -0.21068731846863223
  - - 1.5692294522834387
- - - 0.09824032056759227
  - - -0.8409036580755473
  - - 0.040732779261852634
- - - 0.50974828198546
  - - -0.3756200512510919
  - - -2.84849291623668
- - - -0.50159302822644
  - - 0.059758241277657005
  - - 2.207716075569671
- - - -0.003818599596641244
  - - -0.27168242385995556
  - - 0.0727189795679565
- - - -0.5083303459472399
  - - -0.5518160999301652
  - - -1.4062111890816786
- - - -0.3950399042931646
  - - -1.073615344063551
  - - 2.8444024034142372
- - - -0.09485278019099032
  - - -0.7307603872521764
  - - -0.6187833231988834
- - - 0.4174486839914632
  - - -0.03518118139786772
  - - -2.413455985460174
- - - 0.12001421970972058
  - - 0.05097362103537596
  - - -1.6343778017250286
- - - 0.1182333670127565
  - - -0.10749475587813954
  - - 0.034262777014933375
- - - -0.19588874937856515
  - - 0.0635046487021048
  - - 3.07985684470118
- - - 0.34543410503022826
  - - -1.137073744578063
  - - -2.8289039833289764
- - - 0.3698470843705005
  - - 0.042322889679244156
  - - -2.6024248280903257
- - - 0.8200779334948823
  - - -0.35871595785092464
  - - -2.929768333770887
- - - -0.08147869321545957
  - - -0.21823394061640972
  - - 2.918209867424356
- - - 0.08035043058067244
  - - -0.05153279507511174
  - - 0.030577129937943016
- - - 0.011584729170494865
  - - -0.03998608156222052
  - - 1.6421276711206974
- - - -0.4584805405475272
  - - 0.09029805100793874
  - - 2.100969841005531
- - - 0.07351850516986726
  - - 0.0032618310165981445
  - - -1.4975859591917453
- - - 0.06758572666378375
  - - 0.055885816570469544
  - - -3.050475941980659
- - - 0.13539696001613638
  - - -0.02840987921963683
  - - -1.4714325924537182
- - - -0.030010072757798524
  - - -0.052353788198050144
  - - 2.255683404500224
- - - -0.14393444306242625
  - - 0.7952293924600944
  - - 2.9413496860907697
- - - -0.07135053182693206
  - - -0.10420350870854528
  - - 1.5919772446106715
- - - 0.4008044960580051
  - - 0.18589110772423245
  - - -1.3197581500167175
- - - -0.2841580925921269
  - - -0.7485588759059888
  - - 2.131663043313688
- - - 0.09724803023066134
  - - -0.05936536447190926
  - - 0.07105523239452548
- - - 0.092180121621351
  - - 0.19699403616430602
  - - 0.07235908460830649
- - - 0.02621739453321998
  - - -0.14645334281502684
  - - 1.4622460848580907
- - - -0.10885674081961583
  - - 0.19951545887470035
  - - 3.092593309571066
- - - -0.07625341618634887
  - - 0.5966529164475565
  - - 0.018972521926336715
- - - -0.3802564395827213
  - - -0.3325477717897622
  - - 2.666551612520493
tvecs:
- - - -5.967272123386934
  - - -3.782644001858206
  - - 21.0984840543566
- - - 7.628264300934636
  - - -2.402531368085644
  - - 27.085645369862977
- - - -6.262109423160747
  - - -3.3617799483484294
  - - 20.87348841293035
- - - 4.02384241461623
  - - 6.868627432993289
  - - 28.696402852537307
- - - 4.904357534333946
  - - -1.887281012894486
  - - 29.515941277959087
- - - -8.775815657188204
  - - -4.655306493515886
  - - 25.216898114653635
- - - -4.505288236573513
  - - 2.97021493583483
  - - 19.42690492878497
- - - 0.9826264210202393
  - - -3.140430075139829
  - - 27.946834168702637
- - - -6.362876846066946
  - - -0.0574247446840297
  - - 20.790695468659578
- - - -0.7935872497412306
  - - 1.773884082446655
  - - 29.032666810546935
- - - -3.325925272249919
  - - 1.949772304052301
  - - 30.02349416189717
- - - 1.4843200547718327
  - - -4.094184067037524
  - - 29.656132062336415
- - - 9.015381119273627
  - - 5.47232942232427
  - - 26.385079262939154
- - - 4.580096674238414
  - - -0.6867700221038894
  - - 22.975189933077086
- - - 6.803492205592831
  - - 4.276707301956494
  - - 30.741635973391613
- - - 3.8291931002456234
  - - 2.2558449709520008
  - - 25.90039676428697
- - - 3.855734335137135
  - - 1.4964376563030328
  - - 30.5175773928967
- - - -10.334883242712621
  - - -6.93986704996668
  - - 28.84874982604299
- - - 0.02727952887957386
  - - -4.094912784958665
  - - 19.328719546562375
- - - 5.462700166612417
  - - -5.813805008563133
  - - 29.176362253931064
- - - -5.622735702586008
  - - 2.351821493851836
  - - 25.755984614044916
- - - 3.409577481522104
  - - 1.910349957890411
  - - 23.2706450571987
- - - -4.859873183126619
  - - 2.9057728435650656
  - - 20.51889911951218
- - - 3.1583755971781833
  - - -1.6255628209881516
  - - 27.646413476512834
- - - 5.030901925453931
  - - -2.9330220596220795
  - - 26.294481766393492
- - - 6.216781742159247
  - - -4.598182253016895
  - - 20.605704521208857
- - - -3.7917191027115558
  - - 1.9714623368160358
  - - 25.258040081964282
- - - 1.773621470928687
  - - -0.33613542372085364
  - - 29.41356743153398
- - - -10.219481291211142
  - - -7.094456273677873
  - - 28.77824914354772
- - - 1.0062353392530128
  - - -0.9704057840260989
  - - 24.827405308649617
- - - 4.577574420874224
  - - -5.977769494328052
  - - 29.77357164694258
- - - 1.9520213701692584
  - - 5.596587702740026
  - - 24.531772677622374
- - - -0.02150444724981874
  - - -1.0182757469271315
  - - 25.081075528045773
- - - -1.937231189811594
  - - -2.4338213870340653
  - - 29.285385878672116