camera_matrix:
- - 1106.9258880623506
  - 0.0
  - 314.84293350415663
- - 0.0
  - 1107.148522476445
  - 239.83580757844902
- - 0.0
  - 0.0
  - 1.0
dist_coeffs:
- - 0.20816452172648098
  - 6.753856322449165
  - 0.0029349311353215187
  - 0.0036341759499615863
  - -100.78463126849014
rvecs:
- - - -0.07058538321654054
  - - -0.026344066260728532
  - - 3.1191095063580443
- - - 0.04427092390475204
  - - -0.011300146408659381
  - - -1.381400587936971
- - - 0.024610708155116696
  - - -0.03125381570222893
  - - -0.25574636185890487
- - - 0.04409374109680778
  - - -0.004711988273724392
  - - -1.5481565939658752
- - - 0.05199706852172896
  - - -0.02157475996320682
  - - -1.327583148247892
- - - 0.03215815438122286
  - - -0.04127377368356965
  - - -0.10135301963356654
- - - 0.05396819947583608
  - - -0.01725344355149225
  - - -1.5784365692341964
- - - 0.05815663671375158
  - - 0.028482198703599537
  - - -2.8481926729286156
- - - 0.014713435662980655
  - - -0.03738487103446733
  - - 0.2792041657986057
- - - -0.06620416731895214
  - - -0.023438241516137787
  - - 3.119250725736596
- - - 0.051571225654586494
  - - 0.02454414638045757
  - - -2.4866973840569706
- - - 0.028065121164058026
  - - -0.04302837202733874
  - - 0.01184703240677424
tvecs:
- - - 5.156804350543968
  - - 0.6687098963256572
  - - 27.043805369644968
- - - -4.245107596255246
  - - 3.877681858320933
  - - 26.76774895969029
- - - -5.041764656574272
  - - -1.773415625450735
  - - 26.636150305422913
- - - -5.160894815832706
  - - 3.838286088193852
  - - 26.745692991870612
- - - -1.3318498308828925
  - - 3.8578507666376085
  - - 26.90813154728605
- - - -3.250287068771599
  - - 0.5206900129052233
  - - 26.675408039279123
- - - -1.346814970745772
  - - 4.057050736067506
  - - 26.854753929378564
- - - 1.6005699127326691
  - - 3.4994590916991877
  - - 26.971250361797807
- - - -3.601632843634651
  - - -3.5949985238443456
  - - 26.62360225580441
- - - 3.745041334872411
  - - 1.005614703047471
  - - 26.993840012680106
- - - 0.6253232898045981
  - - 5.376173816546379
  - - 27.045975202385804
- - - -2.5733852115394535
  - - -0.6158677366554355
  - - 26.698228444579158
